#start YYYY MM DD HH MM end YYYY MM DD HH MM
1996  5 27 15  0 1996  5 29  3  0
1996  7  1 18  0 1996  7  2 11  0
1996  8  7 12  0 1996  8  8 10  0
1996 12 23 17  0 1996 12 25 11  0
1997  1 10  4  0 1997  1 11  2  0
1997  2 10  2  0 1997  2 10 19  0
1997  4 11  6  0 1997  4 11 19  0
1997  4 21 10  0 1997  4 23  4  0
1997  5 15  9  0 1997  5 16  0  0
1997  5 26 16  0 1997  5 27 10  0
1997  6  8 18  0 1997  6 10  0  0
1997  6 19  7  0 1997  6 20 23  0
1997  7 15  8  0 1997  7 16 11  0
1997  8  3 13  0 1997  8  4  3  0
1997  8 17  6  0 1997  8 17 20  0
1997  9  3 13  0 1997  9  3 21  0
1997  9 21 21  0 1997  9 22 16  0
1997 10  1 16  0 1997 10  2 23  0
1997 10 10 11  0 1997 10 10 22  0
1997 10 10 22  0 1997 10 12  0  0
1997 10 27  0  0 1997 10 28  7  0
1997 11  7  4  0 1997 11  9 12  0
1997 11 22 19  0 1997 11 23 14  0
1997 11 24  0  0 1997 11 25  0  0
1997 12 10 18  0 1997 12 12  0  0
1997 12 30 10  0 1997 12 31 11  0
1998  1  7  1  0 1998  1  8 22  0
1998  1  9  7  0 1998  1 10  8  0
1998  1 20 17  0 1998  1 21  4  0
1998  1 21  6  0 1998  1 22 13  0
1998  1 29 20  0 1998  1 31  1  0
1998  2  4  4  0 1998  2  5 23  0
1998  2 17 10  0 1998  2 17 21  0
1998  2 19  1  0 1998  2 20  0  0
1998  3  4 13  0 1998  3  6  9  0
1998  3 25 13  0 1998  3 26 10  0
1998  3 31 11  0 1998  4  3  2  0
1998  4 11 23  0 1998  4 13 18  0
1998  5  2  5  0 1998  5  4  2  0
1998  5  4 10  0 1998  5  7 23  0
1998  6  2 10  0 1998  6  2 18  0
1998  6 14  4  0 1998  6 15  6  0
1998  6 24 16  0 1998  6 25 23  0
1998  6 26  4  0 1998  6 26 19  0
1998  7  6  6  0 1998  7  9  7  0
1998  7 11  0  0 1998  7 13 15  0
1998  8  1  4  0 1998  8  3 10  0
1998  8  5 13  0 1998  8  6 12  0
1998  8  7 23  0 1998  8  9 23  0
1998  8 10 11  0 1998  8 10 22  0
1998  8 12  1  0 1998  8 13 14  0
1998  8 20  6  0 1998  8 21 20  0
1998  8 26 22  0 1998  8 28  0  0
1998  9 23  4  0 1998  9 23 18  0
1998  9 25  6  0 1998  9 26 16  0
1998 10 19  4  0 1998 10 20  7  0
1998 10 23 15  0 1998 10 24 16  0
1998 11  7 22  0 1998 11  9  1  0
1998 11  9  1  0 1998 11 11  1  0
1998 11 13  2  0 1998 11 14 12  0
1998 11 30 21  0 1998 12  1  4  0
1998 12 29 18  0 1998 12 31  2  0
1999  1  4  4  0 1999  1  4 22  0
1999  1 13 15  0 1999  1 13 23  0
1999  1 23  9  0 1999  1 23 18  0
1999  2 13 19  0 1999  2 14 15  0
1999  2 16 15  0 1999  2 17 11  0
1999  2 17 16  0 1999  2 18 10  0
1999  2 18 10  0 1999  2 20 17  0
1999  3 10 17  0 1999  3 12  2  0
1999  3 19 11  0 1999  3 20 12  0
1999  4 16 18  0 1999  4 17 19  0
1999  4 21  4  0 1999  4 22 14  0
1999  5 15 16  0 1999  5 18  0  0
1999  6  2 23  0 1999  6  3 22  0
1999  6 27 22  0 1999  6 29  4  0
1999  7  3  5  0 1999  7  6  6  0
1999  7  6 21  0 1999  7  7  2  0
1999  7  7  7  0 1999  7  8  4  0
1999  7 27 17  0 1999  7 29 12  0
1999  7 30 20  0 1999  7 31  8  0
1999  7 31 19  0 1999  8  2  6  0
1999  8  2 15  0 1999  8  3 15  0
1999  8  8 20  0 1999  8 10 17  0
1999  8 12  3  0 1999  8 14  0  0
1999  8 20 23  0 1999  8 23 11  0
1999  9 21 12  0 1999  9 22 12  0
1999  9 22 19  0 1999  9 24  3  0
1999 10 21  8  0 1999 10 22  7  0
1999 11 12 10  0 1999 11 13 18  0
1999 11 13 20  0 1999 11 15  0  0
1999 11 22  0  0 1999 11 24  3  0
1999 12 12 19  0 1999 12 13 16  0
1999 12 14  4  0 1999 12 14 20  0
1999 12 27 11  0 1999 12 28  4  0
2000  1 22 17  0 2000  1 23  2  0
2000  2 11 16  0 2000  2 11 20  0
2000  2 12 12  0 2000  2 13  0  0
2000  2 14 12  0 2000  2 16  8  0
2000  2 21  5  0 2000  2 22 12  0
2000  3  1  3  0 2000  3  2  3  0
2000  3 19  2  0 2000  3 19 12  0
2000  3 29 19  0 2000  4  1  0  0
2000  4  7  6  0 2000  4  8  6  0
2000  4 18 20  0 2000  4 19 14  0
2000  4 24  4  0 2000  4 24 13  0
2000  5  2 20  0 2000  5  5 10  0
2000  5  7  0  0 2000  5  8  0  0
2000  5 13 17  0 2000  5 14 18  0
2000  5 15 19  0 2000  5 16 14  0
2000  5 16 23  0 2000  5 17  7  0
2000  5 23  9  0 2000  5 23 21  0
2000  5 24 12  0 2000  5 27 10  0
2000  6  4 22  0 2000  6  6 22  0
2000  6  8 12  0 2000  6 10 17  0
2000  6 11  9  0 2000  6 11 18  0
2000  6 13 12  0 2000  6 14  6  0
2000  6 18  9  0 2000  6 18 17  0
2000  6 24  0  0 2000  6 26  8  0
2000  6 26 10  0 2000  6 27  0  0
2000  7  1  9  0 2000  7  3 17  0
2000  7 11  2  0 2000  7 11 14  0
2000  7 11 22  0 2000  7 13  3  0
2000  7 13 13  0 2000  7 14 15  0
2000  7 14 17  0 2000  7 15 14  0
2000  7 15 19  0 2000  7 17  8  0
2000  7 20  1  0 2000  7 21  8  0
2000  7 23 15  0 2000  7 26  5  0
2000  7 27  2  0 2000  7 28  2  0
2000  7 28 12  0 2000  7 30 13  0
2000  8 10 19  0 2000  8 11 21  0
2000  8 12  5  0 2000  8 13 22  0
2000  9  2 22  0 2000  9  3 13  0
2000  9  8 12  0 2000  9 10 10  0
2000  9 17 21  0 2000  9 21  0  0
2000 10  3 10  0 2000 10  5  3  0
2000 10  5 13  0 2000 10  7 11  0
2000 10 13 16  0 2000 10 14 17  0
2000 10 28 21  0 2000 10 29 22  0
2000 11  6 17  0 2000 11  8  3  0
2000 11  8 13  0 2000 11  9 15  0
2000 11 11  8  0 2000 11 12  0  0
2000 11 27  8  0 2000 11 28  3  0
2000 11 28 11  0 2000 11 29 22  0
2000 12 22  3  0 2000 12 22 20  0
2000 12 23  0  0 2000 12 23 12  0
2001  1 24  9  0 2001  1 26  7  0
2001  3  4  4  0 2001  3  5  2  0
2001  3 19 17  0 2001  3 22  0  0
2001  3 27 20  0 2001  3 28 17  0
2001  3 28 17  0 2001  3 30 18  0
2001  3 31  5  0 2001  3 31 22  0
2001  4  1  4  0 2001  4  3 15  0
2001  4  4 18  0 2001  4  5 12  0
2001  4  8 14  0 2001  4  9  4  0
2001  4 11 22  0 2001  4 13  7  0
2001  4 13  9  0 2001  4 14 12  0
2001  4 15 17  0 2001  4 16  1  0
2001  4 18 12  0 2001  4 20 11  0
2001  4 21 23  0 2001  4 23  3  0
2001  4 28 14  0 2001  5  1  2  0
2001  5  3 11  0 2001  5  4 10  0
2001  5  7 19  0 2001  5  8  7  0
2001  5  9 12  0 2001  5 10 22  0
2001  5 11 13  0 2001  5 12  0  0
2001  5 28  3  0 2001  5 31 14  0
2001  6  7 18  0 2001  6  8  7  0
2001  6 27  3  0 2001  6 28 17  0
2001  7  9  2  0 2001  7 11  4  0
2001  7 13 17  0 2001  7 14  1  0
2001  8  3 11  0 2001  8  3 14  0
2001  8 15  5  0 2001  8 16 14  0
2001  8 17 20  0 2001  8 19 16  0
2001  8 30 17  0 2001  8 31 10  0
2001  9  1 13  0 2001  9  2 22  0
2001  9 13 18  0 2001  9 14 22  0
2001  9 24  0  0 2001  9 24 22  0
2001  9 25  6  0 2001  9 25 20  0
2001  9 29 11  0 2001 10  1  0  0
2001 10  1  8  0 2001 10  2  0  0
2001 10  2  4  0 2001 10  2 12  0
2001 10  2 14  0 2001 10  3 16  0
2001 10  4 14  0 2001 10  5 19  0
2001 10 12  4  0 2001 10 12  9  0
2001 10 21 20  0 2001 10 25 10  0
2001 10 27  3  0 2001 10 28 12  0
2001 10 29 22  0 2001 10 31 13  0
2001 10 31 20  0 2001 11  2 12  0
2001 11  5 19  0 2001 11  6  6  0
2001 11  6 12  0 2001 11  9  3  0
2001 11 19 22  0 2001 11 21 13  0
2001 11 24 14  0 2001 11 25 20  0
2001 12 28  0  0 2001 12 29 12  0
2001 12 30  0  0 2001 12 30 18  0
2002  2 28 17  0 2002  3  2  0  0
2002  3 19  5  0 2002  3 20 16  0
2002  3 21 14  0 2002  3 22  6  0
2002  3 24 12  0 2002  3 25 20  0
2002  4 12  1  0 2002  4 13 13  0
2002  4 17 16  0 2002  4 19 15  0
2002  4 20  0  0 2002  4 21 18  0
2002  5 11 15  0 2002  5 12  0  0
2002  5 20 10  0 2002  5 21 22  0
2002  5 23 20  0 2002  5 25 18  0
2002  7 18 12  0 2002  7 19  9  0
2002  7 20  2  0 2002  7 22  6  0
2002  7 31 22  0 2002  8  1  9  0
2002  8  1  9  0 2002  8  1 23  0
2002  8  2  6  0 2002  8  4  2  0
2002  8 19 12  0 2002  8 21 14  0
2002  8 29 21  0 2002  8 30  6  0
2002  9  7 12  0 2002  9  8  4  0
2002  9  8  4  0 2002  9  8 20  0
2002  9  8 22  0 2002  9 10 21  0
2002  9 19 20  0 2002  9 20 21  0
2002  9 30 20  0 2002 10  1 15  0
2002 10  3  1  0 2002 10  4 18  0
2002 11 17 10  0 2002 11 19 12  0
2002 12 17 18  0 2002 12 19 12  0
2002 12 21  3  0 2002 12 22 19  0
2003  1 27  1  0 2003  1 28 14  0
2003  2  1 19  0 2003  2  3  7  0
2003  2 18  4  0 2003  2 19 16  0
2003  3 20 12  0 2003  3 20 22  0
2003  5  9  7  0 2003  5 11  0  0
2003  5 29 13  0 2003  5 29 18  0
2003  5 30  2  0 2003  5 30 16  0
2003  5 30 22  0 2003  6  1  1  0
2003  6 15 20  0 2003  6 16 21  0
2003  6 17 10  0 2003  6 18  8  0
2003  7 23 14  0 2003  7 24 16  0
2003  8  4 22  0 2003  8  6  2  0
2003  8 16  2  0 2003  8 17 16  0
2003  8 18  1  0 2003  8 19 15  0
2003 10 22  2  0 2003 10 24 15  0
2003 10 24 21  0 2003 10 25 12  0
2003 10 25 14  0 2003 10 26  4  0
2003 10 26 22  0 2003 10 28  0  0
2003 10 28  2 30 2003 10 28  9  0
2003 10 29 11  0 2003 10 30  3  0
2003 10 31  2  0 2003 11  2  0  0
2003 11 20 10  0 2003 11 21  8  0
2004  1 10  6  0 2004  1 11  5  0
2004  1 22  8  0 2004  1 23 17  0
2004  1 23 23  0 2004  1 25  4  0
2004  2 17 18  0 2004  2 18 16  0
2004  4  3 14  0 2004  4  5 18  0
2004  4 26 17  0 2004  4 27 20  0
2004  5  1  0  0 2004  5  1 12  0
2004  5  1 15  0 2004  5  2 21  0
2004  7 22 18  0 2004  7 24  8  0
2004  7 24 14  0 2004  7 25 15  0
2004  7 25 20  0 2004  7 26 22  0
2004  7 27  2  0 2004  7 27 22  0
2004  8  1  9  0 2004  8  2  4  0
2004  8 29 19  0 2004  8 30 22  0
2004  9 14 15  0 2004  9 16 12  0
2004  9 18 12  0 2004  9 20  0  0
2004 11  7 22  0 2004 11  9 10  0
2004 11  9 20  0 2004 11 11 23  0
2004 11 12  8  0 2004 11 13 23  0
2004 12 12 22  0 2004 12 13 19  0
2004 12 27 16  0 2004 12 29  2  0
2005  1  7 15  0 2005  1  8 12  0
2005  1  8 21  0 2005  1  9 18  0
2005  1 16 14  0 2005  1 17  7  0
2005  1 18 23  0 2005  1 20  3  0
2005  1 21 19  0 2005  1 22 17  0
2005  1 31 14  0 2005  2  2  9  0
2005  2 18 14  0 2005  2 19  6  0
2005  2 20 12  0 2005  2 22  7  0
2005  2 22 14  0 2005  2 23 19  0
2005  5 15  6  0 2005  5 19  0  0
2005  5 20  3  0 2005  5 22  2  0
2005  5 29  3  0 2005  5 29 15  0
2005  5 30  1  0 2005  5 30 23  0
2005  5 31  4  0 2005  6  1  3  0
2005  6 12 15  0 2005  6 13 13  0
2005  6 15  5  0 2005  6 16  9  0
2005  6 16 17  0 2005  6 17 19  0
2005  7 10 10  0 2005  7 12  4  0
2005  7 17 14  0 2005  7 18 23  0
2005  8  9  0  0 2005  8  9 19  0
2005  8 10  6  0 2005  8 10 11  0
2005  8 24  0  0 2005  8 24 11  0
2005  8 24 14  0 2005  8 24 23  0
2005  9  2 18  0 2005  9  3  4  0
2005  9 11  5  0 2005  9 12  7  0
2005  9 12 20  0 2005  9 13 13  0
2005  9 13 16  0 2005  9 14  8  0
2005  9 15  6  0 2005  9 16 18  0
2005  9 20 18  0 2005  9 21 18  0
2005 10 31  2  0 2005 10 31 19  0
2005 12 31  4  0 2006  1  1 17  0
2006  2  5 20  0 2006  2  6 12  0
2006  4 13 15  0 2006  4 14  7  0
2006  4 14 13  0 2006  4 14 21  0
2006  7 10 21  0 2006  7 11 19  0
2006  8 20 13  0 2006  8 21 16  0
2006  8 30 20  0 2006  9  1  7  0
2006  9 30  8  0 2006  9 30 20  0
2006 11  1 17  0 2006 11  2 14  0
2006 11 18 10  0 2006 11 20  2  0
2006 11 29  5  0 2006 11 30 10  0
2006 12 14 22  0 2006 12 15 13  0
2006 12 15 20  0 2006 12 16 19  0
2006 12 17  0  0 2006 12 17 17  0
2007  1 14 12  0 2007  1 15  7  0
2007 11 19 23  0 2007 11 20 12  0
2008  9 17  4  0 2008  9 18  8  0
2008 12  4 12  0 2008 12  5 11  0
2008 12 17  3  0 2008 12 17 14  0
2009  1 19  2  0 2009  1 19  5  0
2009  1 26 10  0 2009  1 26 15  0
2009  2  4  0  0 2009  2  4 16  0
2009  6  4  2  0 2009  6  5 16  0
2009  6 27 16  0 2009  6 28 16  0
2009  7 21  1  0 2009  7 22  4  0
2009  9 30  6  0 2009 10  1  0  0
2009 10 29  5  0 2009 10 29 23  0
2009 11 14 10  0 2009 11 15  0  0
2009 12 12 20  0 2009 12 13 22  0
2009 12 19 13  0 2009 12 20 17  0
2010  1  1 22  0 2010  1  3 10  0
2010  2  7 18  0 2010  2  8 22  0
2010  2 11  8  0 2010  2 12  3  0
2010  2 19 15  0 2010  2 20 18  0
2010  2 21  0  0 2010  2 22  0  0
2010  2 22 13  0 2010  2 22 22  0
2010  4  5 12  0 2010  4  6 14  0
2010  4  9 18  0 2010  4 10 16  0
2010  4 12  1  0 2010  4 12 15  0
2010  4 30  6  0 2010  5  1 12  0
2010  5 28 19  0 2010  5 29 17  0
2010  6 21  6  0 2010  6 22 14  0
2010  8  4 10  0 2010  8  5  0  0
2010 10 31  5  0 2010 11  1 21  0
2010 12 28  3  0 2010 12 28 15  0
2011  1 24 10  0 2011  1 25 12  0
2011  2  4 13  0 2011  2  4 20  0
2011  2 18 19  0 2011  2 20  8  0
2011  3  6  9  0 2011  3  8  6  0
2011  3 29 23  0 2011  3 31  4  0
2011  5 28  5  0 2011  5 28 21  0
2011  6  5  2  0 2011  6  5 19  0
2011  6 17  5  0 2011  6 17 13  0
2011  7  6 17  0 2011  7  7 12  0
2011  7 15  4  0 2011  7 16 15  0
2011  8  5  5  0 2011  8  5 14  0
2011  8  6 22  0 2011  8  7 22  0
2011  9  8 10  0 2011  9  9 12  0
2011  9 10  3  0 2011  9 10 15  0
2011  9 16 19  0 2011  9 17  5  0
2011  9 17 14  0 2011  9 18  6  0
2011  9 18 12  0 2011  9 18 21  0
2011  9 22 15  0 2011  9 23  3  0
2011  9 26 20  0 2011  9 28 15  0
2011 10  5 10  0 2011 10  5 22  0
2011 10  6 12  0 2011 10  6 23  0
2011 10  7  2  0 2011 10  7 17  0
2011 10 22 21  0 2011 10 23 16  0
2011 10 24 22  0 2011 10 25 16  0
2011 10 31  1  0 2011 10 31 15  0
2011 11  2  1  0 2011 11  3  4  0
2011 11  7 17  0 2011 11  7 23  0
2011 11 13 10  0 2011 11 15  2  0
2011 11 29  0  0 2011 11 29  8  0
2011 12  2 18  0 2011 12  3  7  0
2011 12 25  2  0 2011 12 25 17  0
2011 12 29 22  0 2011 12 30  9  0
2012  1 21  6  0 2012  1 22  8  0
2012  1 22 23  0 2012  1 23  7  0
2012  2 14 21  0 2012  2 16  6  0
2012  2 16 14  0 2012  2 18  0  0
2012  2 27 19  0 2012  2 28 16  0
2012  2 29  5  0 2012  3  1  0  0
2012  3  2 21  0 2012  3  4  2  0
2012  3  6  8  0 2012  3  6 15  0
2012  3  9  3  0 2012  3 11  7  0
2012  3 15 17  0 2012  3 16 10  0
2012  4 23 17  0 2012  4 24  5  0
2012  4 26  0  0 2012  4 27 18  0
2012  5 16 16  0 2012  5 17 22  0
2012  6  8 10  0 2012  6 10 14  0
2012  6 16 23  0 2012  6 17 12  0
2012  7  5  0  0 2012  7  6  8  0
2012  7  9  0  0 2012  7  9 14  0
2012  7 15  6  0 2012  7 17  5  0
2012  7 22 11  0 2012  7 23 16  0
2012  9  1  7  0 2012  9  3 15  0
2012  9  4 11  0 2012  9  5  2  0
2012  9  5  6  0 2012  9  5 18  0
2012  9  6  2  0 2012  9  6 15  0
2012  9 30 14  0 2012  9 30 20  0
2012 10  1  0  0 2012 10  2  0  0
2012 10  2 22  0 2012 10  3  6  0
2012 10  8 18  0 2012 10  9 12  0
2012 10 12 22  0 2012 10 13 10  0
2012 11  1  0  0 2012 11  2  3  0
2012 11  9  3  0 2012 11  9 15  0
2012 11 13  8  0 2012 11 14  3  0
2012 11 24 12  0 2012 11 25 10  0
2012 11 26 12  0 2012 11 28  5  0
2012 11 28 18  0 2012 11 29 14  0
2012 12 14  7  0 2012 12 14 17  0
2013  1 17 16  0 2013  1 18 12  0
2013  1 19  0  0 2013  1 19 17  0
2013  2 14  8  0 2013  2 16 14  0
2013  2 17 10  0 2013  2 17 19  0
2013  3 17 15  0 2013  3 19 16  0
2013  3 20 18  0 2013  3 20 22  0
2013  4 14 17  0 2013  4 15 23  0
2013  4 30 12  0 2013  5  1  7  0
2013  5  1 11  0 2013  5  1 18  0
2013  5 25 23  0 2013  5 26 22  0
2013  6  6 14  0 2013  6  8  0  0
2013  6  8 10  0 2013  6  8 20  0
2013  6 28  2  0 2013  6 29 12  0
2013  7  5  1  0 2013  7  7 16  0
2013  7 13  5  0 2013  7 15  0  0
2013  8 21  8  0 2013  8 21 14  0
2013  8 23 20  0 2013  8 25  3  0
2013  8 25  3  0 2013  8 26  3  0
2013 10  2 23  0 2013 10  3 22  0
2013 10  9  9  0 2013 10 11  0  0
2013 11  8 22  0 2013 11  9  7  0
2013 11 11 17  0 2013 11 12  3  0
2013 12  1 11  0 2013 12  2 23  0
2013 12 15 16  0 2013 12 16  5  0
2013 12 25  5  0 2013 12 25 17  0
2014  2  6  3  0 2014  2  7 17  0
2014  2  8  1  0 2014  2  9 12  0
2014  2 11 12  0 2014  2 13 10  0
2014  2 16  5  0 2014  2 16 16  0
2014  2 17  3  0 2014  2 17 16  0
2014  2 18 15  0 2014  2 19  7  0
2014  2 19 12  0 2014  2 20  3  0
2014  2 21  2  0 2014  2 22 12  0
2014  4  5 22  0 2014  4  7  5  0
2014  4 11  6  0 2014  4 12 20  0
2014  4 18 19  0 2014  4 20  0  0
2014  4 20  1  0 2014  4 20 12  0
2014  4 21  7  0 2014  4 22  9  0
2014  4 29 20  0 2014  4 30 21  0
2014  6  8 20  0 2014  6 10 17  0
2014  8 19 16  0 2014  8 21  5  0
2014  9 12 22  0 2014  9 14  2  0
2014  9 17  2  0 2014  9 18 20  0
2014 11 11  7  0 2014 11 11 20  0
2014 12 22  4  0 2014 12 22 17  0
2015  1  2 15  0 2015  1  2 22  0
2015  1  3 14  0 2015  1  4 16  0
2015  1  7  7  0 2015  1  7 20  0
2015  3 16 14  0 2015  3 16 23  0
2015  3 17 13  0 2015  3 18  5  0
2015  3 22  2  0 2015  3 22 20  0
2015  3 28 11  0 2015  3 29 11  0
2015  3 29 19  0 2015  3 30 12  0
2015  3 31 18  0 2015  4  1 10  0
2015  4  9 11  0 2015  4  9 22  0
2015  4 10 13  0 2015  4 11  9  0
2015  5  6 12  0 2015  5  7 21  0
2015  5  7 21  0 2015  5  9  4  0
2015  5 10 12  0 2015  5 11  2  0
2015  5 18 20  0 2015  5 19  2  0
2015  6 23  2  0 2015  6 24 14  0
2015  6 25 10  0 2015  6 26  6  0
2015  6 26 12  0 2015  6 27  2  0
2015  7 13  6  0 2015  7 14 15  0
2015  8  7 16  0 2015  8  8 14  0
2015  8 15 21  0 2015  8 16  8  0
2015  8 26  8  0 2015  8 28 10  0
2015  9  8  0  0 2015  9  9 15  0
2015  9 13  7  0 2015  9 13 18  0
2015  9 21  8  0 2015  9 22  1  0
2015 10 25 14  0 2015 10 27  4  0
2015 11  4 15  0 2015 11  4 19  0
2015 11  7  6  0 2015 11  8 16  0
2015 12 20  3  0 2015 12 21 20  0
2015 12 31 17  0 2016  1  2 11  0
2016  1 19 10  0 2016  1 21  0  0
2016  1 24 18  0 2016  1 26 18  0
2016  3  5 19  0 2016  3  6 15  0
2016  3 20 14  0 2016  3 21  4  0
2016  4 14  9  0 2016  4 15  4  0
2016  4 17  3  0 2016  4 18  8  0
2016  7 20  7  0 2016  7 22 15  0
2016  7 24 21  0 2016  7 25 16  0
2016  7 25 22  0 2016  7 26 10  0
2016  8  2 14  0 2016  8  3  3  0
2016 10 13  6  0 2016 10 14 16  0
2016 11  4 18  0 2016 11  5 21  0
2016 11 10  0  0 2016 11 10 16  0
2017  4  4  4  0 2017  4  4 14  0
2017  4  9  0  0 2017  4 10  8  0
2017  4 14  0  0 2017  4 15  0  0
2017  5 27 22  0 2017  5 29 14  0
2017  7 16 15  0 2017  7 17 20  0
2017  8 22  4  0 2017  8 23 18  0
2017  9  7 20  0 2017  9  8  4  0
2017  9  8 11  0 2017  9 10 21  0
2017 12 25  0  0 2017 12 26  4  0
2018  3  9 22  0 2018  3 11  0  0
2018  5 13  6  0 2018  5 13 14  0
2018  6  6 11  0 2018  6  7 10  0
2018  6 25 10  0 2018  6 26  5  0
2018  6 30 20  0 2018  7  2 10  0
2018  7 10 12  0 2018  7 11 11  0
2018  8 25 12  0 2018  8 26 12  0
2018  9 23  4  0 2018  9 24  0  0
2019  5  7 22  0 2019  5  9  4  0
2019  5 11  6  0 2019  5 13  7  0
2019  5 14  6  0 2019  5 15 16  0
2019  5 16 23  0 2019  5 18  8  0
2019  5 27  4  0 2019  5 28  0  0
2019 10 29 20  0 2019 10 30 21  0
2019 11  2 21  0 2019 11  3  5  0
2019 11 11 10  0 2019 11 12 12  0
2020  1  4 10  0 2020  1  5  6  0
2020  2 18  2  0 2019  2 19  0  0
2020  4 20  8  0 2020  4 21  4  0
